0 1 3
0 6 3
1 309 5
1 597 6
1 603 8
1 647 1
2 278 7
3 126 1
3 325 1
3 610 2
3 639 6
4 506 4
4 286 9
4 582 9
4 328 5
4 335 3
5 532 9
5 553 9
5 357 4
5 597 5
6 587 2
6 601 5
6 103 4
6 200 8
6 529 3
7 100 8
7 359 6
8 17 2
8 542 3
9 67 6
9 562 4
9 206 9
10 425 8
10 551 8
10 476 6
10 149 1
11 371 7
11 495 10
12 313 1
12 446 2
13 605 6
13 446 10
14 491 8
14 610 8
14 300 1
14 536 2
15 390 9
16 473 6
16 370 6
16 328 3
16 466 4
16 411 5
17 582 1
17 299 7
18 338 4
18 261 9
18 171 8
18 598 1
18 642 7
19 170 7
19 258 5
20 539 10
20 466 6
20 531 10
21 606 5
21 484 3
21 262 1
22 657 3
22 69 7
22 533 10
22 438 5
22 397 5
23 305 6
23 32 10
23 195 1
24 23 8
25 655 5
25 261 10
25 603 9
25 216 1
25 107 8
26 275 10
26 381 9
26 37 7
27 304 10
27 44 8
27 121 1
27 4 10
28 301 1
28 297 3
29 171 4
30 126 8
30 298 1
31 661 9
32 610 4
32 15 1
32 300 6
32 184 3
32 241 6
33 365 6
33 189 3
33 531 2
33 272 3
33 184 1
34 518 3
35 616 3
35 112 9
35 623 2
36 616 9
36 649 1
37 562 5
38 661 5
38 564 2
38 5 6
39 318 1
39 40 1
40 524 6
40 288 10
40 103 8
40 46 8
41 468 9
41 358 4
41 446 1
42 97 5
42 637 5
42 312 8
42 549 9
42 525 10
43 347 7
43 70 3
43 113 3
43 42 6
44 598 7
44 274 2
44 356 3
44 362 6
44 153 9
45 503 10
45 176 9
45 634 10
46 232 8
46 491 5
46 214 4
47 340 2
47 121 8
47 79 1
48 430 9
48 297 9
48 458 2
48 463 8
49 15 8
49 618 6
49 657 9
50 354 7
51 483 10
51 510 3
52 36 3
53 239 3
54 398 2
54 592 7
54 488 10
54 191 9
54 5 6
55 441 4
55 36 10
55 189 1
55 627 3
55 155 6
56 128 2
56 9 1
57 382 1
57 274 4
57 471 1
57 120 8
57 93 1
58 564 4
58 51 7
58 518 4
58 218 10
58 652 8
59 539 2
59 391 10
59 198 2
59 613 4
59 558 7
60 265 3
60 428 10
60 69 4
60 468 3
60 348 7
61 121 5
61 126 4
62 343 10
63 427 7
63 503 4
63 652 10
63 615 9
64 465 5
64 585 5
64 371 5
65 219 2
65 629 4
66 610 4
66 468 5
66 389 7
66 592 9
67 258 4
67 151 9
68 130 7
68 63 7
69 98 8
69 605 9
69 368 9
69 369 10
70 193 3
70 136 3
70 344 7
70 496 3
71 423 3
71 254 5
71 54 1
71 174 3
71 278 1
72 320 9
72 115 8
72 369 7
72 491 6
72 364 5
73 525 10
73 636 7
73 19 8
74 458 6
74 309 3
74 367 10
75 170 7
75 5 3
76 444 1
76 45 5
76 325 6
76 636 2
76 659 5
77 617 7
77 137 3
77 367 6
78 174 8
78 510 6
78 125 4
79 297 7
79 514 1
79 402 4
80 430 6
80 604 1
80 405 4
81 215 2
81 185 4
81 547 8
81 356 4
82 429 3
83 452 3
83 108 5
83 130 5
83 119 5
83 9 9
84 545 10
84 563 8
84 570 2
84 103 4
85 98 9
85 651 6
85 107 6
85 371 2
86 560 6
87 558 8
87 230 3
87 447 6
87 226 5
87 612 4
88 145 3
89 82 7
89 647 10
89 205 1
89 389 10
90 88 4
90 616 4
90 535 7
90 451 2
90 247 4
91 335 6
91 112 7
91 210 6
91 335 5
91 179 5
92 173 8
93 228 5
93 154 7
93 160 3
94 253 4
95 7 9
95 503 9
96 3 1
96 641 10
96 182 2
97 597 8
97 157 6
97 348 9
97 636 10
98 662 9
99 333 5
99 652 6
99 632 8
100 192 4
100 312 10
100 483 5
101 265 6
101 292 2
101 400 3
101 605 9
101 139 8
102 291 9
102 352 7
102 412 4
102 120 7
103 623 2
104 384 10
104 629 6
104 483 8
105 570 2
105 210 4
105 168 7
105 235 8
105 392 8
106 657 7
106 459 5
106 269 9
106 105 1
106 582 3
107 223 4
107 77 4
107 587 10
108 19 10
108 649 4
108 104 4
108 49 4
108 607 6
109 501 5
109 645 8
109 342 7
110 422 1
111 602 1
111 294 3
111 256 3
112 32 10
112 559 4
112 365 9
112 250 7
113 462 3
113 351 10
113 161 8
113 351 9
114 270 6
114 472 6
114 58 6
115 306 6
115 168 5
115 258 3
115 391 1
116 519 5
116 347 7
116 347 8
117 236 4
117 418 2
117 470 8
118 640 10
118 519 2
118 446 9
118 493 6
119 613 3
119 393 8
120 300 9
121 550 8
121 143 1
121 367 5
122 201 5
122 591 8
122 554 1
122 38 5
123 354 2
123 17 5
123 332 1
124 109 9
125 237 4
126 244 5
126 78 3
126 593 2
126 163 5
127 351 1
127 602 5
127 15 8
127 358 4
128 436 5
128 218 6
129 319 9
129 272 2
129 258 4
129 147 9
129 194 5
130 392 4
130 31 5
130 398 5
130 69 8
130 213 6
131 554 8
132 314 2
132 472 9
133 658 10
133 384 6
133 203 9
133 5 8
133 531 5
134 120 7
134 376 9
135 375 1
135 642 5
135 642 4
135 24 3
136 395 3
136 109 2
136 414 9
136 268 7
137 650 10
137 45 3
137 392 3
137 617 1
138 466 4
139 208 3
140 347 9
140 147 7
140 131 4
140 243 5
141 636 8
141 665 9
141 486 8
141 391 6
142 542 2
142 25 3
142 181 5
142 67 1
143 514 10
143 582 5
143 307 8
143 406 9
143 44 2
144 11 1
144 43 3
144 443 3
145 569 2
145 181 7
146 51 2
146 420 7
146 431 4
146 564 9
147 68 4
147 494 7
147 315 3
147 284 2
148 318 9
148 202 4
148 489 9
148 69 3
149 429 9
150 640 6
150 332 8
150 111 4
150 550 3
150 418 1
151 275 9
151 631 1
151 493 4
152 291 8
153 618 7
153 337 3
153 645 2
153 120 10
154 364 9
154 166 9
154 252 1
154 208 2
155 620 7
155 275 10
155 508 5
155 586 3
155 637 5
156 85 7
156 232 7
157 574 10
157 142 3
157 360 1
158 372 7
158 345 3
158 441 5
159 252 9
159 100 9
160 328 2
161 252 10
161 142 3
161 633 1
161 189 9
161 570 7
162 626 5
162 291 9
162 52 8
162 542 8
162 532 8
163 658 2
163 453 5
163 641 3
164 212 1
164 122 9
165 426 7
166 255 6
166 238 4
166 516 9
166 477 5
166 386 3
167 68 4
167 559 2
168 404 10
169 259 4
169 388 1
169 519 5
169 355 9
170 524 1
171 247 4
171 125 3
171 164 2
171 623 7
171 126 3
172 458 5
172 74 2
172 360 2
172 45 5
172 616 10
173 592 4
173 251 7
173 361 1
174 588 6
174 373 3
174 320 7
175 93 5
176 581 5
177 90 10
177 588 6
177 360 3
178 360 3
178 185 1
178 167 4
178 447 9
178 309 9
179 335 10
179 35 3
179 434 10
179 581 8
179 90 1
180 51 4
181 89 4
181 171 3
181 168 1
182 402 4
182 180 6
182 102 6
182 642 4
183 616 4
183 78 5
183 611 9
183 129 1
184 109 6
184 434 1
184 453 2
185 158 3
185 545 8
185 141 3
186 510 7
186 606 5
186 327 5
186 492 7
186 135 3
187 319 5
187 84 1
187 589 3
187 35 9
188 205 1
188 110 1
188 28 6
189 493 8
189 421 2
189 168 4
190 124 9
190 264 2
190 611 1
190 416 10
190 639 8
191 572 1
191 346 2
191 236 6
191 547 7
191 91 2
192 138 3
192 550 7
193 151 2
193 390 9
193 451 1
193 197 6
193 622 4
194 191 3
194 351 9
194 146 1
195 285 3
195 50 9
195 618 7
195 31 7
196 388 6
196 147 9
196 542 10
197 533 4
197 511 9
197 196 3
198 6 5
198 618 9
198 399 4
198 144 9
198 306 10
199 582 5
199 642 4
200 216 7
200 99 1
200 387 1
200 495 6
201 118 2
201 252 7
201 203 2
201 250 5
202 149 4
202 258 3
203 51 1
204 260 2
205 1 7
205 253 10
205 4 6
205 70 1
205 107 1
206 121 9
207 580 2
208 616 9
208 609 2
208 150 9
209 143 3
209 585 6
209 514 4
209 270 6
209 75 3
210 435 1
210 390 2
211 632 2
212 140 8
212 12 2
213 187 3
213 170 2
213 42 9
214 414 1
214 136 1
214 454 2
214 318 4
215 302 9
215 15 10
215 343 9
216 422 4
216 67 9
216 536 4
216 618 5
216 57 6
217 535 3
218 170 4
218 290 5
218 26 1
218 112 1
219 227 6
220 462 7
221 323 10
221 605 10
221 588 10
222 236 2
222 399 1
222 506 4
222 233 10
223 333 5
223 599 3
223 95 6
223 362 5
223 367 4
224 275 7
224 572 4
224 443 6
224 424 3
225 462 1
225 201 7
225 158 8
225 64 7
226 306 2
226 624 4
226 439 9
226 527 1
226 293 9
227 186 3
227 144 4
228 100 10
228 531 4
228 157 7
228 165 1
228 394 6
229 104 1
229 544 8
229 416 2
229 303 7
230 541 5
230 616 9
230 660 10
231 377 5
231 625 6
231 291 2
231 635 9
232 357 1
232 368 5
232 247 9
232 79 5
233 535 2
233 584 9
233 206 5
234 630 10
234 430 1
234 98 6
234 361 10
234 37 7
235 536 7
235 162 5
235 220 10
235 618 9
235 518 1
236 358 6
236 487 10
237 649 7
237 322 3
237 340 3
238 29 9
239 210 8
239 334 1
240 64 7
240 290 1
240 155 3
241 314 4
241 519 2
241 463 1
241 145 10
241 537 2
242 295 9
242 620 2
243 284 2
243 126 2
243 548 10
243 84 4
244 635 2
245 325 5
245 328 4
245 3 8
245 11 2
245 61 4
246 324 10
247 166 7
247 396 6
248 150 4
248 505 6
249 101 10
250 411 6
250 279 5
250 515 10
251 58 9
251 282 10
251 113 5
252 437 3
252 523 6
253 512 3
253 85 5
253 660 2
253 274 1
254 446 1
254 611 4
255 175 5
255 461 8
255 439 1
255 4 8
255 239 5
256 358 10
256 404 1
256 283 7
256 7 5
257 310 3
257 221 3
257 123 10
258 284 6
258 366 3
259 244 4
259 436 5
260 40 1
260 13 5
260 446 4
260 63 2
261 633 10
261 133 4
261 458 2
261 302 3
262 188 8
263 148 5
264 228 10
264 237 1
264 330 4
264 292 1
265 593 4
266 66 10
267 137 7
268 651 10
268 397 2
268 436 2
268 525 4
268 212 4
269 320 5
269 477 4
270 603 6
270 465 8
270 542 6
271 635 6
272 109 10
272 358 1
272 467 2
272 639 4
272 305 3
273 46 2
273 178 3
274 467 2
274 639 9
275 99 2
275 624 1
275 134 9
275 361 8
275 655 2
276 616 3
276 176 7
276 386 2
276 28 3
277 601 3
277 169 1
278 498 10
278 280 7
279 114 7
279 609 2
279 587 1
279 475 4
279 195 8
280 108 7
280 241 3
280 358 1
281 307 2
282 307 7
282 262 3
282 564 1
282 473 6
283 307 6
283 153 3
283 364 9
284 525 3
284 595 8
285 505 9
286 12 5
286 472 1
286 572 10
286 331 6
286 59 3
287 488 6
288 562 8
288 213 2
288 179 6
288 627 9
289 489 5
289 336 7
290 213 2
290 40 10
290 122 5
290 11 10
290 632 3
291 110 3
291 542 9
291 549 5
291 550 3
292 350 3
292 260 2
293 209 1
293 149 8
293 411 2
293 279 10
293 215 2
294 591 7
294 433 9
294 149 1
294 158 9
295 415 7
295 67 8
295 310 8
296 275 3
296 320 9
296 140 5
296 357 10
296 509 10
297 4 6
297 551 5
297 124 5
297 631 5
297 69 1
298 136 1
299 10 1
300 513 2
301 112 1
301 2 2
302 383 9
302 661 9
302 249 3
302 471 4
303 99 5
303 163 9
303 309 5
303 654 6
303 362 1
304 469 8
304 164 7
304 61 5
304 64 5
305 226 5
306 287 8
306 201 10
306 640 5
307 585 10
307 19 8
308 72 10
308 528 7
309 2 7
310 178 1
310 384 5
310 54 2
311 546 9
311 355 8
311 161 10
311 524 9
311 223 8
312 266 5
313 230 6
313 111 9
313 408 2
313 211 3
313 182 8
314 24 10
314 347 10
314 61 8
315 246 6
315 261 6
316 469 5
316 412 5
316 19 7
317 55 8
318 628 9
318 274 10
318 15 10
318 605 1
318 614 3
319 588 2
320 387 1
321 167 10
321 329 8
321 343 1
321 310 7
321 544 1
322 266 9
322 306 3
322 173 6
322 485 10
323 174 4
324 520 2
325 346 8
325 665 4
325 472 4
325 492 8
325 240 3
326 508 2
327 194 7
327 210 3
327 217 7
327 408 10
327 613 8
328 504 8
328 160 10
329 242 9
329 490 6
330 193 5
330 534 5
331 8 7
332 472 10
332 311 4
333 70 1
333 555 10
333 72 8
334 424 9
334 86 2
335 464 10
335 365 9
336 513 6
336 585 8
336 487 9
336 173 4
336 349 2
337 521 5
337 270 8
337 427 10
337 520 3
337 329 5
338 629 10
338 372 4
338 589 10
338 298 8
338 53 4
339 286 1
339 519 5
340 480 8
340 573 4
340 274 2
340 377 4
341 566 3
341 279 1
341 352 5
341 566 9
342 53 5
343 88 9
344 546 7
344 45 1
344 141 10
345 503 2
345 627 5
345 471 9
345 190 8
345 257 7
346 289 3
346 184 4
347 433 6
348 638 10
349 346 8
349 124 4
349 92 1
350 558 9
350 345 7
350 331 5
350 134 2
350 43 9
351 137 5
351 654 3
351 143 5
352 294 4
352 205 3
352 238 5
352 581 10
353 252 7
353 337 1
353 127 3
353 431 8
354 253 9
354 56 8
355 16 4
355 339 10
355 97 1
355 586 1
356 480 1
356 429 9
357 265 1
358 28 2
358 352 10
358 157 8
359 102 1
359 199 5
359 610 8
359 261 6
359 221 5
360 348 10
360 543 10
361 288 1
361 446 4
361 154 4
361 526 7
362 75 4
362 78 5
362 126 9
362 542 1
362 18 7
363 64 3
363 25 10
363 371 10
363 561 7
363 593 9
364 529 2
365 481 9
365 275 8
365 276 4
366 244 2
366 38 10
366 546 2
367 159 6
367 249 8
367 198 10
367 389 4
368 438 5
368 451 10
368 100 9
369 6 6
369 527 4
369 568 8
370 329 6
370 571 8
370 509 8
370 373 3
371 205 6
372 73 8
372 237 9
372 103 4
373 602 8
374 177 5
374 500 10
374 393 1
374 177 3
374 596 2
375 426 2
376 215 2
376 620 2
376 161 7
376 487 9
377 515 9
377 9 8
377 636 10
377 637 4
378 249 3
378 369 2
378 270 5
379 422 7
379 127 4
379 595 9
380 93 10
380 299 5
380 197 10
381 661 2
382 210 10
383 11 2
383 569 3
383 599 5
383 586 1
384 17 8
384 608 5
385 406 7
386 104 1
386 10 10
386 476 6
387 598 9
387 95 10
387 341 6
387 119 5
387 255 7
388 374 6
389 316 7
389 442 9
390 46 5
390 200 9
390 349 5
390 520 7
390 164 9
391 380 5
391 553 4
392 349 3
392 306 3
393 23 7
393 325 9
393 380 5
394 491 8
394 531 7
394 577 4
395 441 10
395 591 10
396 234 3
396 334 3
397 455 7
397 235 10
397 28 9
397 513 6
397 429 7
398 45 8
399 520 5
399 181 7
399 182 7
399 220 2
400 124 7
400 353 3
400 598 6
400 68 5
401 73 7
402 354 9
402 462 7
402 369 8
402 562 1
402 339 10
403 480 9
403 591 7
403 298 5
404 551 2
404 530 4
404 464 5
404 381 9
405 390 6
405 123 1
406 236 10
406 433 7
406 44 3
406 300 3
406 87 7
407 242 5
408 598 3
408 487 10
408 646 6
408 251 10
408 654 10
409 663 6
409 601 8
410 402 4
411 440 8
412 275 5
412 28 2
412 1 1
412 652 9
413 260 5
413 133 1
413 6 5
414 327 3
414 441 1
414 598 7
415 132 6
415 307 2
415 188 8
415 402 1
416 121 1
416 229 6
417 573 6
417 83 5
418 289 9
419 437 2
419 378 5
420 310 3
420 270 9
420 451 8
420 204 3
420 213 6
421 176 5
421 315 6
422 542 7
422 158 7
422 250 3
422 326 9
422 274 7
423 613 3
423 529 5
423 135 7
423 546 4
423 542 9
424 272 1
424 10 9
424 452 8
424 31 4
424 416 6
425 342 2
426 167 4
426 59 9
426 124 3
427 317 10
428 14 7
429 384 4
429 32 1
429 77 7
429 56 8
429 489 4
430 257 10
430 504 4
430 560 7
430 188 6
431 623 3
431 192 6
432 32 5
432 303 8
433 43 9
434 100 4
434 619 10
434 297 8
434 350 5
434 492 7
435 103 7
435 616 10
435 544 9
435 493 10
436 144 2
436 453 5
437 515 10
437 57 9
437 387 1
438 260 5
438 654 10
439 71 2
439 558 1
439 110 9
439 23 4
439 460 10
440 623 4
440 203 8
440 588 9
440 505 4
440 13 6
441 215 7
441 2 5
442 353 9
442 665 4
442 60 3
442 152 2
443 110 5
443 248 4
444 435 8
444 657 6
444 85 8
444 342 4
445 455 7
446 2 2
446 95 1
446 478 8
447 183 1
447 225 7
448 379 6
448 98 7
448 363 7
448 537 4
448 115 9
449 180 7
449 16 3
449 498 3
450 429 7
450 487 9
450 210 9
451 559 8
451 360 3
451 325 9
452 507 9
452 615 2
452 402 4
452 68 6
452 506 7
453 572 8
453 435 2
453 28 4
454 38 4
454 258 4
454 183 5
454 201 6
455 537 10
455 633 4
455 523 1
456 439 4
456 375 9
456 345 3
456 427 5
456 408 5
457 29 6
457 586 9
457 85 8
457 609 9
458 46 6
458 29 10
458 149 9
459 281 1
459 540 8
459 47 7
459 120 9
459 515 1
460 146 10
460 194 6
461 386 7
461 445 4
461 370 2
462 465 7
462 107 5
462 268 4
462 564 1
463 470 7
463 11 10
463 174 1
463 517 9
463 11 6
464 164 4
464 35 9
464 71 5
464 273 5
464 540 4
465 661 9
465 225 5
465 632 6
465 483 5
466 578 3
466 410 6
466 650 2
466 568 5
466 531 6
467 341 10
467 438 6
467 12 5
467 251 5
467 323 4
468 632 9
468 339 10
468 475 4
469 386 8
469 165 4
469 568 9
470 585 2
470 92 8
470 193 3
470 101 10
470 315 7
471 411 2
471 211 6
471 362 8
472 662 8
472 54 7
472 558 5
472 537 4
472 186 4
473 333 10
473 411 8
473 289 7
473 659 4
474 431 10
474 228 9
475 394 5
475 389 7
475 108 9
475 491 7
476 433 2
476 25 5
476 209 2
477 461 7
477 600 1
477 636 4
477 131 1
478 481 7
478 87 7
478 665 7
478 189 7
478 307 7
479 461 5
479 106 5
479 295 1
479 477 2
479 492 5
480 153 10
481 210 8
481 211 3
481 482 9
481 551 3
481 228 5
482 56 1
482 133 1
482 479 8
482 430 1
483 466 5
483 517 8
484 330 9
484 646 10
484 94 3
485 249 3
485 342 4
485 275 7
485 338 9
485 65 7
486 575 1
486 144 3
486 264 2
487 572 6
487 510 8
487 311 2
488 491 7
489 243 4
489 375 2
489 547 6
489 521 9
490 549 8
490 403 7
491 170 3
491 421 1
492 364 2
492 229 3
493 453 4
493 250 9
494 127 1
494 259 4
494 117 5
494 617 3
494 291 5
495 380 10
495 513 2
495 108 1
495 14 10
496 161 4
496 325 5
496 516 2
496 527 10
496 313 3
497 527 2
497 284 1
498 502 7
498 376 1
498 308 6
499 364 2
499 137 4
499 12 9
500 593 1
500 133 9
500 238 6
500 470 4
501 552 8
501 42 5
501 495 9
501 439 10
502 273 9
503 613 6
503 281 8
503 528 1
504 481 10
504 530 4
504 202 7
505 55 9
505 429 7
505 446 5
506 360 10
506 659 1
506 302 8
506 418 3
506 524 2
507 165 10
508 436 4
508 321 1
509 577 3
509 12 6
509 184 8
510 600 6
510 194 9
510 41 9
510 34 3
511 90 1
511 399 4
511 209 5
511 273 3
511 202 1
512 19 3
513 374 7
513 643 3
514 30 8
514 322 3
514 364 5
515 619 6
515 532 6
515 308 2
516 514 10
516 327 4
516 201 10
516 568 9
517 473 1
517 190 2
517 178 3
517 328 2
517 589 8
518 263 3
518 449 2
518 563 4
518 446 10
519 610 3
519 87 4
519 30 2
519 428 4
520 501 1
520 183 2
520 362 10
521 281 5
521 357 10
521 217 8
522 195 1
522 80 5
522 500 6
523 351 10
524 547 9
524 451 10
524 256 8
525 431 3
525 305 8
525 123 3
525 449 5
526 7 8
526 636 8
526 503 1
527 427 9
527 51 7
527 659 5
528 79 5
528 43 7
528 122 6
529 330 4
529 385 10
529 514 8
530 654 5
530 652 6
531 312 7
531 332 9
531 112 6
531 320 2
531 543 1
532 605 6
532 21 4
532 162 9
533 436 1
534 403 1
535 628 9
535 56 9
535 262 9
536 443 9
536 500 10
536 273 3
536 527 1
536 137 6
537 117 10
537 568 8
537 151 5
537 629 6
538 614 2
538 654 4
538 569 3
538 140 6
538 205 10
539 632 1
539 330 2
539 343 7
539 287 4
539 483 2
540 236 4
540 218 10
540 418 6
540 445 6
540 550 9
541 459 8
541 479 5
541 206 9
541 369 5
542 535 4
543 103 5
543 313 1
543 526 3
543 236 10
544 461 7
544 603 6
545 288 2
546 85 5
546 362 3
547 390 9
547 582 1
548 376 5
548 22 2
548 268 7
548 621 9
548 552 9
549 585 5
549 664 7
549 232 6
549 64 7
550 533 3
550 297 8
551 445 7
551 426 4
552 142 4
552 298 1
552 92 3
553 618 9
554 545 4
555 433 2
555 448 9
555 390 8
555 616 8
556 108 1
557 436 3
557 422 9
557 635 2
557 91 7
558 656 6
558 295 2
558 530 2
558 564 7
559 188 1
559 124 6
559 635 3
559 408 6
559 79 4
560 650 2
560 92 4
560 319 6
560 569 2
560 30 9
561 483 6
561 33 10
561 480 10
561 243 2
562 69 9
562 323 6
562 214 7
562 351 9
563 123 9
564 109 3
564 439 2
564 329 2
565 634 6
565 11 10
566 596 9
566 207 8
567 430 3
567 70 4
567 67 1
568 122 7
569 485 10
570 125 3
571 367 5
571 529 2
572 46 10
572 573 1
573 423 1
573 163 6
573 91 5
574 94 1
574 185 8
574 87 1
574 567 8
574 247 2
575 43 5
575 248 2
575 327 5
575 309 6
575 559 7
576 319 3
576 567 7
576 467 6
576 111 8
576 562 2
577 588 1
577 377 4
577 289 5
577 591 8
577 31 3
578 403 2
578 425 10
578 501 1
578 159 4
578 665 1
579 562 1
579 360 10
579 50 1
580 402 1
580 488 9
580 468 4
581 599 7
582 26 5
582 273 7
582 610 10
583 201 5
583 524 5
583 180 5
583 436 1
583 402 1
584 185 10
585 299 9
585 390 6
585 375 6
586 111 7
586 195 6
586 60 2
586 564 7
586 278 3
587 620 8
587 534 5
587 172 8
587 68 2
587 99 8
588 626 2
588 479 7
588 117 3
589 567 10
589 293 8
589 252 4
589 76 2
589 160 4
590 513 2
591 324 8
592 495 3
592 339 10
592 224 2
592 142 9
592 203 1
593 352 2
593 494 5
593 430 4
594 336 6
594 217 3
594 173 5
594 259 4
594 394 9
595 197 3
595 358 2
595 352 9
596 67 1
596 117 9
596 258 10
597 167 5
597 212 2
597 387 10
597 388 2
597 452 8
598 370 9
598 649 2
598 474 10
598 561 9
599 540 7
599 393 9
600 538 7
601 241 7
602 19 7
602 393 2
602 589 7
602 69 5
602 630 4
603 346 8
604 543 3
604 307 8
604 505 8
604 429 5
605 369 7
605 483 8
605 173 1
605 48 7
605 172 4
606 272 7
606 500 9
606 196 4
606 193 3
607 264 1
607 46 3
607 411 1
608 221 4
608 396 5
609 444 4
610 337 10
611 656 6
611 564 2
611 219 1
611 303 9
611 82 7
612 314 10
612 490 8
612 596 7
612 166 7
613 346 6
613 306 9
613 639 9
613 194 8
614 619 4
614 113 9
615 220 10
615 519 5
615 218 5
616 181 5
617 428 3
617 36 6
618 428 4
618 474 8
618 508 6
618 316 10
618 629 7
619 151 4
620 494 4
620 641 8
621 438 2
622 64 1
623 538 6
624 181 2
624 204 2
624 594 8
625 62 10
626 265 6
626 385 5
626 224 8
627 472 1
627 560 4
627 167 4
627 114 3
628 3 2
628 366 3
628 124 4
629 557 7
630 46 10
631 565 6
632 577 2
632 525 1
632 412 9
632 529 6
633 221 9
633 125 7
633 28 6
633 550 6
634 579 10
634 638 4
634 268 8
634 436 3
635 406 8
635 177 6
635 487 10
635 224 4
636 612 1
636 141 7
637 509 3
637 491 10
638 649 10
638 594 3
638 141 6
638 318 6
639 190 9
640 655 3
641 139 8
641 579 9
641 520 2
641 181 4
642 632 7
642 145 7
643 221 9
643 160 9
644 220 8
644 432 8
644 40 8
644 318 3
644 544 2
645 478 2
645 400 9
645 214 10
645 115 4
645 149 2
646 547 1
646 400 1
646 581 8
647 578 1
648 438 6
648 651 7
648 525 4
649 380 8
650 128 4
651 285 8
652 279 10
653 579 6
653 453 10
654 609 10
655 477 10
655 368 1
655 416 10
655 627 9
656 165 10
656 20 7
656 391 5
656 608 4
656 140 2
657 588 2
657 396 9
657 49 8
657 353 5
658 393 4
658 526 2
658 377 4
659 355 5
659 88 8
659 137 8
659 494 8
660 322 5
660 84 10
660 57 7
660 220 10
660 213 10
661 173 4
661 489 6
661 161 6
661 173 7
661 251 3
662 473 7
663 68 10
663 486 5
663 107 3
664 261 7
664 26 8
664 540 7
664 506 4
665 179 3
665 513 4
665 289 9
665 401 3
